1010001
1010002
1010003
1010004
1010005
1010006
1010007
1010008
1010009
1010010
1010011
1010012
1010013
1010014
1010015
1010016
1010017
1010018
1010019
1010020
1010021
1010022
1010023
1010024
1010025
1010026
1010027
1010028
1010029
1010030
1010031
1010032
1010033
1010034
1010035
1010036
1010037
1010038
1010039
1010040
1010041
1010042
1010043
1010044
1010045
1010046
1010047
1010048
1010049
1010050
1010051
1010052
1010053
1010054
1010055
1010056
1010057
1010058
1010059
1010060
1010061
1010062
1010063
1010064
1010065
1010066
1010067
1010068
1010069
1010070
1010071
1010072
1010073
1010074
1010075
1010076
1010077
1010078
1010079
1010080
1010081
1010082
1010083
1010084
1010085
1010086
1010087
1010088
1010089
1010090
1010091
1010092
1010093
1010094
1010095
1010096
1010097
1010098
1010099
1010100
1010101
1010102
1010103
1010104
1010105
1010106
1010107
1010108
1010109
1010110
1010111
1010112
1010113
1010114
1010115
1010116
1010117
1010118
1010119
1010120
1010121
1010122
1010123
1010124
1010125
1010126
1010127
1010128
1010129
1010130
1010131
1010132
1010133
1010134
1010135
1020001
1020002
1020003
1020004
1020005
1020006
1020007
1020008
1020009
1020010
1020011
1020012
1020013
1020014
1020015
1020016
1020017
1020018
1020019
1020020
1020021
1020022
1020023
1020024
1020025
1020026
1020027
1020028
1020029
1020030
1020031
1020032
1020033
1020034
1020035
1020036
1020037
1020038
1020039
1020040
1020041
1020042
1020043
1020044
1020045
1020046
1020047
1020048
1020049
1020050
1020051
1020052
1020053
1020054
1020055
1020056
1020057
1020058
1020059
1020060
1020061
1020062
1020063
1020064
1020065
1020066
1020067
1020068
1020069
1020070
1020071
1020072
1020073
1020074
1020075
1020076
1020077
1020078
1020079
1020080
1020081
1020082
1020083
1020084
1020085
1020086
1020087
1020088
1020089
1020090
1020091
1020092
1020093
1020094
1020095
1020096
1020097
1020098
1020099
1020100
1020101
1020102
1020103
1020104
1020105
1020106
1020107
1020108
1020109
1020110
1020111
1020112
1020113
1020114
1020115
1020116
1020117
1020118
1020119
1020120
1020121
1020122
1020123
1020124
1020125
1020126
1020127
1020128
1020129
1020130
1020131
1020132
1020133
1020134
1020135
1020136
1020137
1020138
1020139
1020140
1020141
1020142
1020143
1020144
1020145
1020146
1020147
1020148
1020149
1020150
1021001
1021002
1021003
1021004
1021005
1021006
1021007
1021008
1021009
1021010
1021011
1021012
1021013
1021014
1021015
1021016
1021017
1021018
1021019
1021020
1021021
1021022
1021023
1021024
1021025
1021026
1021027
1021028
1021029
1021030
1021031
1021032
1021033
1021034
1021035
1021036
1021037
1021038
1021039
1021040
1021041
1021042
1021043
1021044
1021045
1021046
1021047
1021048
1021049
1021050
1021051
1021052
1021053
1021054
1021055
1021056
1021057
1021058
1021059
1021060
1021061
1021062
1021063
1021064
1021065
1021066
1021067
1021068
1021069
1021070
1021071
1021072
1021073
1021074
1021075
1021076
1021077
1021078
1021079
1021080
1021081
1021082
1021083
1021084
1021085
1021086
1021087
1021088
1021089
1021090
1021091
1021092
1021093
1021094
1021095
1021096
1021097
1021098
1021099
1021100
1021101
1021102
1021103
1021104
1021105
1021106
1021107
1021108
1021109
1021110
1021111
1021112
1021113
1021114
1021115
1021116
1021117
1021118
1021119
1021120
1021121
1021122
1021123
1021124
1021125
1021126
1021127
1021128
1021129
1021130
1021131
1021132
1021133
1021134
1021135
1021136
1021137
1021138
1021139
1021140
1021141
1021142
1021143
1021144
1021145
1021146
1021147
1021148
1021149
1021150
1022001
1022002
1022003
1022004
1022005
1022006
1022007
1022008
1022009
1022010
1022011
1022012
1022013
1022014
1022015
1022016
1022017
1022018
1022019
1022020
1022021
1022022
1022023
1022024
1022025
1022026
1022027
1022028
1022029
1022030
1022031
1022032
1022033
1022034
1022035
1022036
1022037
1022038
1022039
1022040
1022041
1022042
1022043
1022044
1022045
1022046
1022047
1022048
1022049
1022050
1022051
1022052
1022053
1022054
1022055
1022056
1022057
1022058
1022059
1022060
1022061
1022062
1022063
1022064
1022065
1022066
1022067
1022068
1022069
1022070
1022071
1022072
1022073
1022074
1022075
1022076
1022077
1022078
1022079
1022080
1022081
1022082
1022083
1022084
1022085
1022086
1022087
1022088
1022089
1022090
1022091
1022092
1022093
1022094
1022095
1022096
1022097
1022098
1022099
1022100
1022101
1022102
1022103
1022104
1022105
1022106
1022107
1022108
1022109
1022110
1022111
1022112
1022113
1022114
1022115
1022116
1022117
1022118
1022119
1022120
1022121
1022122
1022123
1022124
1022125
1022126
1022127
1022128
1022129
1022130
1022131
1022132
1022133
1022134
1022135
1022136
1022137
1022138
1022139
1022140
1022141
1022142
1022143
1022144
1022145
1022146
1022147
1022148
1022149
1022150
1023001
1023002
1023003
1023004
1023005
1023006
1023007
1023008
1023009
1023010
1023011
1023012
1023013
1023014
1023015
1023016
1023017
1023018
1023019
1023020
1023021
1023022
1023023
1023024
1023025
1023026
1023027
1023028
1023029
1023030
1023031
1023032
1023033
1023034
1023035
1023036
1023037
1023038
1023039
1023040
1023041
1023042
1023043
1023044
1023045
1023046
1023047
1023048
1023049
1023050
1023051
1023052
1023053
1023054
1023055
1023056
1023057
1023058
1023059
1023060
1023061
1023062
1023063
1023064
1023065
1023066
1023067
1023068
1023069
1023070
1023071
1023072
1023073
1023074
1023075
1023076
1023077
1023078
1023079
1023080
1023081
1023082
1023083
1023084
1023085
1023086
1023087
1023088
1023089
1023090
1023091
1023092
1023093
1023094
1023095
1023096
1023097
1023098
1023099
1023100
1023101
1023102
1023103
1023104
1023105
1023106
1023107
1023108
1023109
1023110
1023111
1023112
1023113
1023114
1023115
1023116
1023117
1023118
1023119
1023120
1023121
1023122
1023123
1023124
1023125
1023126
1023127
1023128
1023129
1023130
1023131
1023132
1023133
1023134
1023135
1023136
1023137
1023138
1023139
1023140
1023141
1023142
1023143
1023144
1023145
1023146
1023147
1023148
1023149
1023150
1024001
1024002
1024003
1024004
1024005
1024006
1024007
1024008
1024009
1024010
1024011
1024012
1024013
1024014
1024015
1024016
1024017
1024018
1024019
1024020
1024021
1024022
1024023
1024024
1024025
1024026
1024027
1024028
1024029
1024030
1024031
1024032
1024033
1024034
1024035
1024036
1024037
1024038
1024039
1024040
1024041
1024042
1024043
1024044
1024045
1024046
1024047
1024048
1024049
1024050
1024051
1024052
1024053
1024054
1024055
1024056
1024057
1024058
1024059
1024060
1024061
1024062
1024063
1024064
1024065
1024066
1024067
1024068
1024069
1024070
1024071
1024072
1024073
1024074
1024075
1024076
1024077
1024078
1024079
1024080
1024081
1024082
1024083
1024084
1024085
1024086
1024087
1024088
1024089
1024090
1024091
1024092
1024093
1024094
1024095
1024096
1024097
1024098
1024099
1024100
1024101
1024102
1024103
1024104
1024105
1024106
1024107
1024108
1024109
1024110
1024111
1024112
1024113
1024114
1024115
1024116
1024117
1024118
1024119
1024120
1024121
1024122
1024123
1024124
1024125
1024126
1024127
1024128
1024129
1024130
1024131
1024132
1024133
1024134
1024135
1024136
1024137
1024138
1024139
1024140
1024141
1024142
1024143
1024144
1024145
1024146
1024147
1024148
1024149
1024150
1025001
1025002
1025003
1025004
1025005
1025006
1025007
1025008
1025009
1025010
1025011
1025012
1025013
1025014
1025015
1025016
1025017
1025018
1025019
1025020
1025021
1025022
1025023
1025024
1025025
1025026
1025027
1025028
1025029
1025030
1025031
1025032
1025033
1025034
1025035
1025036
1025037
1025038
1025039
1025040
1025041
1025042
1025043
1025044
1025045
1025046
1025047
1025048
1025049
1025050
1025051
1025052
1025053
1025054
1025055
1025056
1025057
1025058
1025059
1025060
1025061
1025062
1025063
1025064
1025065
1025066
1025067
1025068
1025069
1025070
1025071
1025072
1025073
1025074
1025075
1025076
1025077
1025078
1025079
1025080
1025081
1025082
1025083
1025084
1025085
1025086
1025087
1025088
1025089
1025090
1025091
1025092
1025093
1025094
1025095
1025096
1025097
1025098
1025099
1025100
1025101
1025102
1025103
1025104
1025105
1025106
1025107
1025108
1025109
1025110
1025111
1025112
1025113
1025114
1025115
1025116
1025117
1025118
1025119
1025120
1025121
1025122
1025123
1025124
1025125
1025126
1025127
1025128
1025129
1025130
1025131
1025132
1025133
1025134
1025135
1025136
1025137
1025138
1025139
1025140
1025141
1025142
1025143
1025144
1025145
1025146
1025147
1025148
1025149
1025150
1030001
1030002
1030003
1030004
1030005
1030006
1030007
1030008
1030009
1030010
1030011
1030012
1030013
1030014
1030015
1030016
1030017
1030018
1030019
1030020
1030021
1030022
1030023
1030024
1030025
1030026
1030027
1030028
1030029
1030030
1030031
1030032
1030033
1030034
1030035
1030036
1030037
1030038
1030039
1030040
1030041
1030042
1030043
1030044
1030045
1030046
1030047
1030048
1030049
1030050
1030051
1030052
1030053
1030054
1030055
1030056
1030057
1030058
1030059
1030060
1030061
1030062
1030063
1030064
1030065
1030066
1030067
1030068
1030069
1030070
1030071
1030072
1030073
1030074
1030075
1030076
1030077
1030078
1030079
1030080
1030081
1030082
1030083
1030084
1030085
1030086
1030087
1030088
1030089
1030090
1030091
1030092
1030093
1030094
1030095
1030096
1030097
1030098
1030099
1030100
1030101
1030102
1030103
1030104
1030105
1030106
1030107
1030108
1030109
1030110
1030111
1031001
1031002
1031003
1031004
1031005
1031006
1031007
1031008
1031009
1031010
1031011
1031012
1031013
1031014
1031015
1031016
1031017
1031018
1031019
1031020
1031021
1031022
1031023
1031024
1031025
1031026
1031027
1031028
1031029
1031030
1031031
1031032
1031033
1031034
1031035
1031036
1031037
1031038
1031039
1031040
1031041
1031042
1031043
1031044
1031045
1031046
1031047
1031048
1031049
1031050
1031051
1031052
1031053
1031054
1031055
1031056
1031057
1031058
1031059
1031060
1031061
1031062
1031063
1031064
1031065
1031066
1031067
1031068
1031069
1031070
1031071
1031072
1031073
1031074
1031075
1031076
1031077
1031078
1031079
1031080
1031081
1031082
1031083
1031084
1031085
1031086
1031087
1031088
1031089
1031090
1031091
1031092
1031093
1031094
1031095
1031096
1031097
1031098
1031099
1031100
1031101
1031102
1031103
1031104
1031105
1031106
1031107
1031108
1031109
1031110
1031111
1032001
1032002
1032003
1032004
1032005
1032006
1032007
1032008
1032009
1032010
1032011
1032012
1032013
1032014
1032015
1032016
1032017
1032018
1032019
1032020
1032021
1032022
1032023
1032024
1032025
1032026
1032027
1032028
1032029
1032030
1032031
1032032
1032033
1032034
1032035
1032036
1032037
1032038
1032039
1032040
1032041
1032042
1032043
1032044
1032045
1032046
1032047
1032048
1032049
1032050
1032051
1032052
1032053
1032054
1032055
1032056
1032057
1032058
1032059
1032060
1032061
1032062
1032063
1032064
1032065
1032066
1032067
1032068
1032069
1032070
1032071
1032072
1032073
1032074
1032075
1032076
1032077
1032078
1032079
1032080
1032081
1032082
1032083
1032084
1032085
1032086
1032087
1032088
1032089
1032090
1032091
1032092
1032093
1032094
1032095
1032096
1032097
1032098
1032099
1032100
1032101
1032102
1032103
1032104
1032105
1032106
1032107
1032108
1032109
1032110
1032111
1032112
1032113
1032114
1032115
1032116
1032117
1032118
1032119
1032120
1032121
1032122
1032123
1032124
1032125
1032126
1032127
1032128
1032129
1032130
1032131
1032132
1032133
1032134
1032135
1033001
1033002
1033003
1033004
1033005
1033006
1033007
1033008
1033009
1033010
1033011
1033012
1033013
1033014
1033015
1033016
1033017
1033018
1033019
1033020
1033021
1033022
1033023
1033024
1033025
1033026
1033027
1033028
1033029
1033030
1033031
1033032
1033033
1033034
1033035
1033036
1033037
1033038
1033039
1033040
1033041
1033042
1033043
1033044
1033045
1033046
1033047
1033048
1033049
1033050
1033051
1033052
1033053
1033054
1033055
1033056
1033057
1033058
1033059
1033060
1033061
1033062
1033063
1033064
1033065
1033066
1033067
1033068
1033069
1033070
1033071
1033072
1033073
1033074
1033075
1033076
1033077
1033078
1033079
1033080
1033081
1033082
1033083
1033084
1033085
1033086
1033087
1033088
1033089
1033090
1033091
1033092
1033093
1033094
1033095
1033096
1033097
1033098
1033099
1033100
1033101
1033102
1033103
1033104
1033105
1033106
1033107
1033108
1033109
1033110
1033111
1033112
1033113
1033114
1033115
1033116
1033117
1033118
1033119
1033120
1033121
1033122
1033123
1033124
1033125
1033126
1033127
1033128
1033129
1033130
1033131
1033132
1033133
1033134
1033135
1040001
1040002
1040003
1040004
1040005
1040006
1040007
1040008
1040009
1040010
1040011
1040012
1040013
1040014
1040015
1040016
1040017
1040018
1040020
1040021
1040022
1040023
1040024
1040025
1040026
1040027
1040028
1050001
1050002
1050003
1050004
1050005
1050006
1050007
1050008
1050009
1050010
1050011
1050012
1110001
1110002
1110003
1114001
1114002
1114003
1114004
1114005
1114006
1114007
1114008
1114009
1114010
1114011
1114012
1114013
1114014
1114015
1114016
1114017
1114018
1114019
1114020
1114021
1114022
1114023
1114024
1114025
1114026
1114027
1114028
1114029
1114030
1114031
1114032
1114033
1114034
1114035
1114036
1114037
1114038
1114039
1114040
1114041
1114042
1114043
1114044
1114045
1114046
1114047
1114048
1114049
1114050
1114051
1114052
1114053
1114054
1114055
1114056
1114057
1114058
1114059
1114060
1114061
1114062
1114063
1114064
1114065
1114066
1114067
1114068
1114069
1114070
1114071
1114072
1114073
1114074
1114075
1114076
1114077
1114078
1114079
1114080
1117001
1117002
1117003
1117004
1117005
1117006
1117007
1117008
1117009
1117010
1210001
1210002
1210003
1210004
1210005
1210006
1210007
1210008
1210009
1210010
1210011
1210012
1210013
1211001
1211002
1211003
1211004
1211005
1211006
1211007
1211008
1211009
1211010
1213001
1213002
1213003
1213004
1214001
1214002
1214003
1214004
1215001
1215002
1215003
1216001
1216002
1216003
1216004
1217001
2010001
2010002
2010003
2010004
2010005
2010006
2010007
2010008
2010009
2010010
2010011
2020001
2020002
2020003
2020004
2020005
2020006
2020007
2020008
2020009
2020010
2020011
2030996
2030997
2030998
2030999
2210001
2210002
2210003
2210004
2210005
2220001
2220002
2220003
2220004
2230001
2230002
2230003
2230004
2230005
2231001
2231002
2231003
2231004
2231005
2231006
2231007
2231008
2231009
2231010
2231011
2231012
2240001
2240002
2241001
2241002
2250001
2250002
2250003
2250004
2250005
2260001
2260002
2260003
2260004
2261001
2261002
2261003
2261004
2262001
2262002
2262003
2262004
2263001
2263002
2263003
2263004
2264001
2264002
2264003
2264004
2270001
2280001
2280002
2280003
2280004
2280005
2280006
2280007
2280008
2280009
2280010
2280011
2280012
2280013
2280014
2280015
2280016
2280017
2280018
2280019
2280020
2280021
2280022
2280023
2280024
2280025
2280026
2280027
2280028
2280029
2280030
2280031
2280032
2280033
2280034
2280035
2280036
2280037
2280038
2280039
2280040
2281001
2281002
2281003
2281004
2281005
2281006
2281007
2282001
2282002
2282003
2283001
2284001
2284002
2284003
2284004
2284005
2284006
2284007
2284008
2284009
2284010
2284011
2284012
2284013
2284014
2284015
2284016
2285001
2286001
2286002
2286003
2286004
2286005
2286006
2287001
2290001
2290002
2290003
2290004
3010001
3010002
3010003
3010004
3010005
3010006
3010007
3010008
3010009
3010010
3010011
3010012
3010013
3010014
3010015
3010016
3010017
3010018
3010019
3010020
3010021
3010022
3010023
3010024
3010025
3010026
3010027
3010028
3010029
3010030
3010031
3010032
3010033
3010034
3010035
3010036
3010037
3010038
3011001
3011002
3011003
3012001
3012002
3012003
3012004
3012005
3012006
3012007
3012008
3012009
3013001
3014001
3015001
3016001
3017001
3018001
3018002
3018003
3019001
3020001
3021001
3110001
3110002
3110012
3110022
3110032
3110042
3110052
3110062
3110072
3110082
3110092
3110102
3110112
3110122
3110123
3110124
3110132
3110133
3110134
3210001
3210002
3210003
3210004
3220001
3220002
3220003
3220004
3230001
3230002
3230003
3230004
3240001
3240002
3240003
3240004
3250001
3250002
3250003
3250004
3260001
3260002
3260003
3260004
3270001
3270002
3270003
3270004
3280001
3280002
3280003
3280004
3290001
3290002
3290003
3290004
3290011
3290012
3290013
3290014
3290021
3290022
3290023
3290024
3290031
3290032
3290033
3290034
3310001
3310002
3310003
3320001
3320002
3320003
3320004
3330001
4110001
4111001
5010001
5010002
5010003
5010004
5010005
5010006
5010007
5010008
5010009
5010010
5010011
5010012
5010013
5010014
5010015
5010016
5010017
5010018
5010019
5010020
5010021
5010022
5010023
5010024
5010025
5010026
5010027
5010028
5010029
5010030
5010031
5010032
5010033
5010034
5010035
5010036
5010037
5010038
5010039
5010040
5010041
5010042
5010043
5010044
5010045
5010046
5010047
5010048
5010049
5010050
5010051
5010052
5010053
5010054
5010055
5010056
5010057
5010058
5010059
5010060
5010061
5010062
5010063
5010064
5010065
5010066
5010067
5010068
5010069
5010070
5010071
5010072
5010073
5010074
5010075
6010001
6020001
6020002
6020003
6030001
6040001
6040002
6040003
6040004
6040005
6040006
6040007
6040008
6040009
6040010
6040011
6040012
6040013
6040014
6040015
6040016
6040017
6040018
6040019
6040020
6040021
6040022
6040023
6040024
6040025
6040026
6040027
6040028
6040029
6040030
6040031
6040032
6040033
6040034
6040035
6040036
6040037
6040038
6040039
6040040
6040041
6040042
6040043
6040044
6040045
6040046
6040047
6040048
6040049
6040050
6040051
6040052
6040053
6040054
6040055
6040056
6040057
6040058
6040059
6040060
6040061
6040062
6040063
6040064
6040065
6040066
6040067
6040068
6040069
6040070
6040071
6040072
6040073
6040074
6040075
6040076
6040077
6040078
6040079
6040080
6040081
6040082
6040083
6040084
6040085
6040086
6040087
6040088
6040089
6040090
6040091
6040092
6040093
6040094
6040095
6040096
6040097
6040098
6040099
6040100
6040101
6040102
6040103
6040104
6040105
6040106
6040107
6040108
6040109
6040110
6040111
6040112
6040113
6040114
6040115
6040116
6040117
6040118
6040119
6040120
6040121
6040122
6040123
6040124
6040125
6040126
6040127
6040128
6040129
6040130
6040131
6040132
6040133
6040134
6040135
6040136
6040137
6040138
6040139
6040140
6040141
6040142
6040143
6040144
6040145
6040146
6040147
6040148
6040149
6040150
6040151
6040152
6040153
6040154
6040155
6040156
6040157
6040158
6040159
6040160
6040161
6040162
6040163
6040164
6040165
6040166
6040167
6040168
6040169
6040170
6040171
6040172
6040173
6040174
6050001
7010001
7010002
7010003
7010004
7010005
7010006
7010007
7010008
7010009
7010010
7010011
7010012
7010013
7010014
7010015
7010016
7010017
7010018
7010019
7010020
7010021
7010022
7010023
7010024
7010025
7010026
7010027
7010028
7010029
7010030
7010031
7010032
7010033
7010034
7010035
7010036
7010037
7010038
7010039
7010040
7010041
7010042
7010043
7010044
7010045
7010046
7010047
7010048
8010001
8010002
8010003
8020001
8020002
8020003
8030001
8030002
8030003
8040001
8040002
8040003
8150001
8150002
8150003
8150004
8150005
8150006
8150007
8150008
8150009
8150010
8150011
8150012
8150013
8150014
8150015
8160001
8160002
8160003
8160004
8160005
8160006
8160007
8160008
8160009
8160010
8161001
8161002
8161003
8161004
8161005
8161101
8161102
8170001
8170002
8170003
8170004
8170005
8170006
8170007
8170008
8170009
8180001
8180002
8180003
8180004
8180005
8180006
8180007
8210001
8210002
8210003
8210004
8210005
8220001
8220002
8220003
8220004
8220005
8230001
8230002
8230003
8230004
8240001
8240002
8240003
8240004
8261001
8262001
8263001
8264001
9010001
9010002
9010003
9010004
9010005
9010006
9010007
9010008
9010009
9010010
9010011
9010012
9010013
9010014
9010015
9010016
9010017
9010018
9010019
9010020
9010021
9010022
9010023
9010024
9010025
9010026
9010027
9010028
9010029
9010030
9010031
9010032
9010033
9010034
9010035
9010036
9010037
9010038
9010039
9010040
9010041
9010042
9010043
9010044
9010045
9010046
9010047
9010048
9010049
9010050
9010051
9010052
9010053
9010054
9010055
9010056
9010057
9010058
9010059
9010060
9010061
9010062
9010063
9010064
9010065
9010066
9010067
9010068
9010069
9010070
9010071
9010081
9010082
9010083
9010084
9010085
9010086
9010087
9010088
9010089
9010090
9010091
9010092
9010093
9010094
9010095
9010096
9010097
9010098
9010099
9010100
9010101
9010102
9010103
9010104
9010105
9010106
9010107
9010108
9010109
9010110
9010111
9010112
9010113
9010114
9010115
9010116
9010117
9010118
9010119
9010120
9010121
9010122
9010123
9010124
9010125
9010126
9010127
9010128
9010129
9010130
9010131
9010132
9010133
9010134
9010135
9010136
9010137
9010138
9010139
9010140
9010141
9010142
9010143
9010144
9010145
9010146
9010147
9010148
9010149
9010150
9010151
9010152
9010153
9020001
9020002
9020003
9020004
9020005
9020006
9020007
9020008
9020009
9020010
9020011
9020012
9020013
9020014
9020015
9020016
9020017
9020018
9020019
9020020
9020021
9020022
9020023
9020024
9020025
9020026
9020027
9020028
9020029
9020030
9020031
9020032
9020033
9020034
9020035
9020036
9020037
9020038
9020039
9020040
9020041
9020042
9020043
9020044
9020045
9020046
9020047
9020048
9020049
9020050
9020051
9020052
9020053
9020054
9020055
9020056
9020057
9020058
9020059
9020060
9020061
9020062
9020063
9020064
9020065
9020066
9020067
9020068
9020069
9020070
9020071
9020072
9020073
9020074
9020075
9020076
9020077
9020078
9020079
9020080
9020081
9020082
9020083
9020084
9020085
9020086
9020087
9020088
9020089
9020090
9020091
9020092
9020093
9020094
9020095
9020096
9020097
9020098
9020099
9020100
9020101
9020102
9020103
9020104
9020105
9020106
9020107
9020108
9020109
9020110
9020111
9020112
9020113
9020114
9020115
9020116
9020117
9020118
9020119
9020120
9020121
9020122
9020123
